#         t        kpc         Ms         Mh       r_jb
      0.000    201.085     15.755     55.788    104.710
     71.429    190.379     13.190     54.476     94.181
    142.857    179.613     12.679     51.593     89.295
    214.286    168.991     12.571     53.090     82.980
    285.714    157.399     12.172     49.629     78.198
    357.143    145.690     12.082     49.556     72.238
    428.571    133.840     11.291     47.777     65.676
    500.000    122.156     10.891     45.061     60.395
    571.429    111.814     10.645     46.425     54.319
    642.857    101.479     10.231     43.153     49.850
    714.286     92.179      9.660     40.492     45.376
    785.714     85.080      9.309     38.281     42.149
    857.143     80.757      8.536     36.463     39.504
    928.571     79.781      8.406     35.773     39.075
   1000.000     82.209      8.503     35.256     40.615
   1071.430     88.932      8.380     38.848     42.332
   1142.860     97.150      8.745     39.402     46.686
   1214.290    106.388      8.742     41.892     50.084
   1285.710    116.168      9.078     43.556     54.666
   1357.140    126.273      9.249     45.725     58.833
   1428.570    136.142      9.454     49.231     62.342
   1500.000    145.590      9.335     51.565     65.370
   1571.430    154.464      9.268     53.369     68.399
   1642.860    163.001      9.212     54.235     71.648
   1714.290    171.042      9.245     55.965     74.490
   1785.710    178.163      9.365     56.350     77.746
   1857.140    184.786      9.201     58.210     79.299
   1928.570    190.708      8.794     58.706     80.388
   2000.000    196.113      8.771     60.127     81.940
   2071.430    200.790      8.630     60.973     83.052
   2142.860    204.672      8.421     60.128     84.360
   2214.290    208.048      8.432     59.911     85.893
   2285.710    211.117      8.499     59.774     87.458
   2357.140    213.663      8.380     59.670     88.147
   2428.570    215.740      7.898     60.062     87.075
   2500.000    217.306      7.794     60.177     87.263
   2571.430    218.305      7.730     59.555     87.729
   2642.860    218.727      7.607     60.064     87.182
   2714.290    218.648      7.510     60.687     86.480
   2785.710    218.025      7.256     60.160     85.499
   2857.140    217.195      7.260     60.119     85.208
   2928.570    215.456      7.088     60.915     83.487
   3000.000    213.210      7.293     60.210     83.731
   3071.430    210.392      7.238     58.199     83.351
   3142.860    206.785      6.864     58.714     80.253
   3214.290    202.724      6.995     58.092     79.454
   3285.710    197.831      6.726     57.564     76.764
   3357.140    192.892      6.566     60.537     73.012
   3428.570    185.392      6.498     57.180     71.275
   3500.000    177.644      6.443     57.579     67.942
   3571.430    169.041      6.510     56.942     65.117
   3642.860    159.572      6.375     58.454     60.512
   3714.290    148.292      6.081     55.410     56.350
   3785.710    135.244      6.323     54.225     52.443
   3857.140    120.328      6.286     51.249     47.451
   3928.570    103.459      5.853     49.258     40.370
   4000.000     86.071      5.607     43.957     34.388
   4071.430     71.832      5.323     36.905     29.899
   4142.860     61.770      5.121     30.815     26.955
   4214.290     56.315      4.957     26.479     25.569
   4285.710     55.905      4.688     25.835     25.120
   4357.140     60.028      4.250     26.455     25.899
   4428.570     66.742      4.196     27.204     28.410
   4500.000     74.366      4.136     28.359     31.070
   4571.430     82.465      4.239     30.229     34.003
   4642.860     91.239      4.283     34.997     35.952
   4714.290     98.796      4.271     36.957     38.195
   4785.710    105.758      4.287     38.826     40.269
   4857.140    112.746      4.305     39.618     42.703
   4928.570    119.537      4.087     41.786     43.716
   5000.000    126.416      4.263     42.780     46.519
   5071.430    134.001      4.094     43.765     48.282
   5142.860    142.216      4.459     43.494     52.827
   5214.290    151.386      4.417     45.515     55.218
   5285.710    159.661      4.723     45.404     59.597
   5357.140    163.526      4.578     45.970     60.159
   5428.570    164.238      4.608     46.030     60.528
   5500.000    162.918      4.517     44.759     60.204
   5571.430    159.507      4.483     43.814     59.213
   5642.860    154.497      4.248     42.975     56.698
   5714.290    147.969      3.911     42.365     53.077
   5785.710    139.370      3.447     40.231     48.768
   5857.140    127.467      3.130     38.913     43.673
   5928.570    118.414      2.921     34.510     41.265
   6000.000    114.336      2.550     34.689     38.014
   6071.430    111.449      2.536     35.709     36.631
   6142.860    108.994      2.406     33.406     35.991
   6214.290    105.705      2.525     29.140     37.126
   6285.710    100.777      2.417     27.282     35.660
   6357.140     92.834      2.336     25.662     33.147
   6428.570     83.962      2.181     24.008     29.957
   6500.000     75.057      2.305     25.175     26.850
   6571.430     63.324      2.197     19.917     24.106
   6642.860     53.648      2.117     17.710     20.975
   6714.290     47.593      1.930     17.729     18.037
   6785.710     48.092      1.885     18.736     17.753
   6857.140     54.311      1.919     19.887     19.771
   6928.570     62.957      1.844     20.775     22.292
   7000.000     72.301      1.821     22.186     24.940
   7071.430     81.437      2.053     23.460     28.698
   7142.860     89.848      2.034     26.721     30.223
   7214.290     96.572      2.023     28.103     31.884
   7285.710    101.870      2.019     29.785     32.969
   7357.140    105.741      2.132     30.637     34.523
   7428.570    107.989      2.070     31.306     34.660
   7500.000    108.901      1.998     32.115     34.249
   7571.430    108.118      1.928     31.208     33.923
   7642.860    105.871      1.821     29.285     33.290
   7714.290    102.356      1.941     29.208     32.907
   7785.710     97.025      1.914     28.940     31.144
   7857.140     90.273      1.730     26.253     28.938
   7928.570     82.295      1.813     26.377     26.758
   8000.000     72.924      1.786     24.391     24.214
   8071.430     62.684      1.670     22.042     21.051
   8142.860     52.814      1.654     19.972     18.271
   8214.290     45.270      1.571     17.331     16.139
   8285.710     42.894      1.536     15.603     15.722
   8357.140     46.429      1.487     17.674     16.147
   8428.570     53.956      1.656     20.717     18.447
   8500.000     62.323      1.547     22.669     20.216
   8571.430     70.238      1.509     24.088     22.140
   8642.860     76.996      1.548     25.956     23.878
   8714.290     82.460      1.611     26.380     25.775
   8785.710     86.439      1.694     28.087     26.903
   8857.140     88.747      1.549     28.577     26.656
   8928.570     89.071      1.499     29.089     26.310
   9000.000     88.062      1.591     28.156     26.822
   9071.430     85.056      1.559     27.437     25.954
   9142.860     80.548      1.477     26.282     24.487
   9214.290     74.061      1.407     24.477     22.686
   9285.710     65.809      1.332     22.832     20.259
   9357.140     56.162      1.408     21.206     18.050
   9428.570     46.144      1.473     18.436     15.773
   9500.000     37.984      1.372     16.028     13.288
   9571.430     36.474      1.348     16.304     12.611
   9642.860     42.552      1.223     17.918     13.802
   9714.290     52.035      1.243     20.270     16.287
   9785.710     60.947      1.265     22.060     18.656
   9857.140     68.253      1.146     23.448     19.806
   9928.570     73.523      1.252     24.407     21.683
  10000.000     76.600      1.243     25.107     22.326
  10071.400     77.298      1.237     26.793     22.008
  10142.900     75.747      1.249     26.780     21.643
  10214.300     72.077      1.215     26.020     20.599
  10285.700     65.944      1.229     23.718     19.511
  10357.100     58.016      1.249     22.375     17.600
  10428.600     48.681      1.125     19.346     14.972
  10500.000     39.972      1.131     17.319     12.776
  10571.400     35.159      1.064     15.979     11.311
  10642.900     37.953      1.121     17.675     12.012
  10714.300     45.247      1.126     18.865     14.033
  10785.700     53.423      1.121     19.645     16.323
  10857.100     60.633      1.088     22.190     17.613
  10928.600     66.172      1.114     24.108     18.846
  11000.000     69.481      1.145     24.655     19.824
  11071.400     70.540      1.145     25.618     19.868
  11142.900     69.593      1.042     25.864     18.933
  11214.300     66.242      1.040     25.000     18.220
  11285.700     60.527      1.026     23.616     16.888
  11357.100     52.682      1.037     21.417     15.241
  11428.600     43.145      1.121     18.608     13.424
